24,90
0,504
23,26
24,45
24,15
24,89
23,25
24,88
24,87
24,86
24,85
0,503
0,472
23,24
24,84
24,83
23,16
23,15
23,13
23,11
23,10
23,7
23,6
23,5
24,82
24,81
24,44
24,43
24,80
24,79
23,23
24,78
24,77
23,19
23,22
23,2
23,0
23,14
23,12
23,20
23,18
23,21
24,76
24,74
24,75
3,2
10,173
10,251
10,237
10,35
10,113
10,7
10,273
10,2
10,3
11,27
11,15
11,13
11,23
9,2
9,3
8,11
8,7
8,4
8,8
8,2
8,3
12,2
20,2
20,1
20,3
2,2
2,1
2,3
28,4
28,3
28,2
28,1
28,0
27,3
27,2
27,1
27,0
26,3
26,2
26,1
26,0
25,5
25,4
25,3
25,2
25,1
25,0
24,127
24,73
24,72
24,71
24,70
24,69
24,68
24,67
24,66
24,65
24,64
24,42
24,41
24,40
24,39
24,38
24,37
24,36
24,35
24,34
24,33
24,32
24,31
24,30
24,29
24,28
24,27
24,26
24,25
24,24
24,23
24,22
